159,68,-3.00,1
166,71,0.14,1
165,84,0.14,1
130,93,0.14,1
133,106,-3.00,1
103,107,0.00,1
156,125,0.24,3
233,174,-2.36,3
82,184,2.52,1
80,202,2.36,1
186,215,-2.19,1
59,231,-1.17,1
172,244,1.05,1
156,254,1.05,1
168,259,-2.13,3
134,260,1.43,1
86,266,2.03,3
108,267,1.82,3
150,276,1.17,1
90,282,1.85,1
85,283,-1.29,1
228,292,-1.82,3
112,294,1.57,3
134,297,1.57,1
105,309,-1.29,1
39,318,-1.17,1
95,318,1.93,3
73,340,-1.17,1
87,354,-0.95,1
145,365,-0.56,3
206,375,2.50,3
119,380,-0.85,3
93,392,-0.62,1
84,393,-0.86,1
107,405,-0.64,3
