185,72,2.90,3
125,81,2.78,3
144,84,2.86,1
94,87,2.78,3
150,96,2.74,1
175,100,2.58,3
190,122,2.50,3
128,132,2.36,3
175,151,-0.79,1
167,154,2.03,3
74,157,-1.71,1
131,166,1.93,3
162,166,-1.57,1
130,170,-1.21,3
65,176,-1.71,1
67,191,1.01,3
66,195,-2.03,3
131,220,1.70,3
303,230,1.57,1
304,246,1.85,1
106,256,-2.13,3
246,288,2.03,3
196,295,2.58,3
60,300,0.93,3
150,301,0.62,1
178,319,-3.00,1
259,330,-0.64,3
242,331,-0.56,3
101,345,-2.43,1
231,355,2.62,1
201,374,2.74,1
82,378,-2.36,1
112,401,0.40,1
230,423,2.50,3
229,427,-2.21,1
226,431,2.62,1
184,435,2.68,3
173,467,-0.14,1
