207,80,-2.03,3
137,81,0.79,1
215,81,0.52,1
124,91,-2.43,1
65,93,0.71,1
193,95,1.05,1
153,97,0.79,3
59,98,-2.36,3
125,98,0.79,1
122,102,-2.28,1
125,110,0.86,1
53,115,0.79,1
222,115,0.86,1
86,117,0.52,1
237,133,1.05,1
44,140,1.05,1
69,148,0.93,3
87,157,1.11,3
153,157,1.11,3
52,161,-2.03,3
33,162,0.95,1
74,167,1.11,3
134,168,1.29,1
91,169,-1.93,3
102,169,1.21,3
242,169,-1.71,1
83,175,-1.82,3
160,176,-1.71,1
95,180,1.21,3
110,199,-1.82,3
44,211,1.43,1
62,218,1.21,3
241,222,-1.45,3
11,223,1.57,1
103,237,-1.85,1
177,238,-1.57,1
143,241,-1.71,1
27,243,1.43,1
239,243,1.70,3
36,250,1.21,3
209,257,-1.43,1
81,261,-1.93,3
159,262,-1.71,1
136,268,-1.85,1
170,281,-1.29,1
76,293,1.05,1
232,293,-0.93,3
58,299,-2.09,1
96,312,0.85,3
93,315,0.85,3
103,318,-2.43,1
188,318,-0.62,1
69,323,0.93,3
141,342,0.36,3
63,349,-2.28,1
189,356,-0.40,1
69,363,0.72,3
87,365,0.72,3
