169,93,2.58,3
144,104,-0.52,1
266,124,-2.52,1
215,127,3.02,3
150,131,2.43,1
174,144,-0.52,1
165,145,-0.72,3
162,148,2.50,3
166,148,-0.46,3
164,150,2.42,3
127,155,-0.86,1
301,156,0.79,1
256,159,-2.09,1
142,166,2.36,1
303,176,1.17,1
98,195,2.09,1
231,195,-1.57,1
302,197,1.29,1
140,200,-1.01,3
84,201,1.98,1
290,202,-1.71,1
195,203,-1.17,1
216,214,-1.29,1
263,227,-1.57,1
156,228,-1.05,1
197,232,-1.05,1
112,236,2.13,3
92,239,1.98,1
229,240,-1.29,1
121,257,0.79,1
118,259,2.03,3
155,264,-1.11,3
285,267,-1.33,3
135,283,1.93,3
89,291,-0.85,3
146,291,2.09,1
130,292,-0.88,3
197,295,-1.01,3
124,298,2.27,1
173,301,1.98,1
102,309,2.42,3
188,316,2.13,3
109,340,2.50,3
154,355,2.52,1
153,364,0.00,3
158,364,-0.64,3
150,365,2.36,3
145,367,2.68,3
154,367,0.00,3
152,368,2.68,3
238,371,2.29,3
148,375,-0.40,1
175,375,2.50,3
109,382,3.00,3
215,383,2.28,1
120,384,0.00,1
158,386,2.62,1
125,389,2.78,3
128,401,3.02,3
