226,40,0.24,3
133,41,2.74,1
249,61,-2.86,1
132,76,2.78,3
106,85,-0.40,1
300,94,0.79,1
229,102,-2.62,1
179,107,3.02,3
302,108,0.79,1
112,112,2.43,1
272,117,0.93,3
127,128,-0.79,3
130,129,1.74,1
309,129,0.79,1
118,133,2.25,3
121,133,-0.38,3
88,134,-0.79,1
292,135,-2.43,1
120,136,2.16,3
217,137,-2.36,3
111,139,-0.59,3
110,141,2.55,3
113,142,2.29,3
112,143,2.29,3
104,145,2.43,1
311,145,0.95,1
311,165,1.43,1
260,167,-2.03,3
284,175,-1.85,1
102,176,-0.93,3
179,187,2.03,3
185,187,-1.29,1
311,187,1.43,1
137,198,-1.29,1
235,198,-1.57,1
121,203,-1.17,1
166,206,-1.17,1
137,209,2.13,3
201,212,-1.29,1
260,212,1.57,3
311,212,1.43,1
73,214,2.13,3
291,215,-1.57,1
259,234,-1.45,3
124,235,-1.11,3
103,257,1.85,3
281,262,-1.57,1
115,264,2.19,1
172,264,-1.11,3
98,265,-0.79,3
311,273,1.57,1
91,278,2.29,3
146,278,2.21,3
70,285,2.29,3
251,287,-1.17,1
161,288,2.13,3
262,290,-1.29,1
300,294,-1.71,1
306,294,1.29,1
211,307,-0.93,3
304,311,1.17,1
81,313,2.42,3
209,313,2.13,3
273,317,-1.45,3
235,322,2.29,3
119,325,2.50,3
127,337,-0.56,3
214,339,2.29,3
114,340,1.57,3
111,343,0.00,3
150,344,2.36,3
228,345,-0.93,3
122,347,-0.40,1
240,349,2.50,3
98,350,2.90,3
215,353,2.36,3
135,355,2.74,1
190,360,2.68,3
227,360,-0.79,3
207,361,2.36,1
224,361,2.36,3
236,363,2.62,1
219,364,2.68,3
226,364,2.68,3
204,370,-0.36,3
241,371,-0.46,3
192,373,2.90,3
102,376,3.02,3
224,376,2.78,3
249,378,2.68,3
152,379,2.90,3
214,379,-0.24,3
206,381,-0.28,3
203,383,2.78,3
208,383,-0.17,3
237,386,2.90,3
159,389,-0.46,1
223,391,-0.36,3
216,393,2.90,3
179,394,-0.14,1
182,399,2.74,1
224,401,3.00,1
221,410,0.24,3
239,412,3.14,3
